Year   Month    73_XA
1921	10		0.0066619335281
1921	11		0.0252825018152
1921	12		0.3412154160856
1922	1		0.0720731826491
1922	2		0.2118668602117
1922	3		0.0726033825997
1922	4		0.0369286278440
1922	5		0.0347206868661
1922	6		0.0000534632633
1922	7		0.0000000000000
1922	8		0.0000000000000
1922	9		0.0022206445094
1922	10		0.0021302596815
1922	11		0.1048768683719
1922	12		0.1904623640673
1923	1		0.1127926749883
1923	2		0.0039849321973
1923	3		0.0197884892298
1923	4		0.2088735119835
1923	5		0.0016408194627
1923	6		0.0000000000000
1923	7		0.0111032225468
1923	8		0.0000000000000
1923	9		0.0327711968404
1923	10		0.0087100792310
1923	11		0.0108976403430
1923	12		0.0369903619566
1924	1		0.0959612069371
1924	2		0.0070609889190
1924	3		0.1512348159026
1924	4		0.0139450463495
1924	5		0.0000000000000
1924	6		0.0007402148365
1924	7		0.0000000000000
1924	8		0.0066619335281
1924	9		0.0000000000000
1924	10		0.0394992971631
1924	11		0.0509354083061
1924	12		0.1165720249819
1925	1		0.0926834061789
1925	2		0.1277904449045
1925	3		0.0368999771288
1925	4		0.1116947590077
1925	5		0.1011178982443
1925	6		0.0031747123989
1925	7		0.0011761917920
1925	8		0.0051815038552
1925	9		0.0002138530531
1925	10		0.0301311170742
1925	11		0.0406710562730
1925	12		0.0303163194120
1926	1		0.0805891941781
1926	2		0.1060772781970
1926	3		0.0269233212779
1926	4		0.0979845400921
1926	5		0.0003207795796
1926	6		0.0000000000000
1926	7		0.0000000000000
1926	8		0.0000000000000
1926	9		0.0000000000000
1926	10		0.0170580246357
1926	11		0.1871399654100
1926	12		0.0580288861075
1927	1		0.0690423183413
1927	2		0.3638170784028
1927	3		0.0988355196223
1927	4		0.0230949407032
1927	5		0.0001069265265
1927	6		0.0178803534507
1927	7		0.0012831183185
1927	8		0.0005346326327
1927	9		0.0000000000000
1927	10		0.0550890011425
1927	11		0.0691282704871
1927	12		0.0408397169121
1928	1		0.0141958209671
1928	2		0.0890357952600
1928	3		0.1166954932071
1928	4		0.0357320561862
1928	5		0.0050828481780
1928	6		0.0000000000000
1928	7		0.0000000000000
1928	8		0.0000000000000
1928	9		0.0000000000000
1928	10		0.0000000000000
1928	11		0.1677499370563
1928	12		0.2309355144710
1929	1		0.0578646581505
1929	2		0.0816622976107
1929	3		0.0291235859214
1929	4		0.0462471828369
1929	5		0.0000000000000
1929	6		0.0469422052595
1929	7		0.0000000000000
1929	8		0.0000000000000
1929	9		0.0006950224225
1929	10		0.0037010741823
1929	11		0.0000000000000
1929	12		0.0378457741690
1930	1		0.1628809419314
1930	2		0.1337325434620
1930	3		0.0845041214134
1930	4		0.0565936488486
1930	5		0.0112884248846
1930	6		0.0000000000000
1930	7		0.0000000000000
1930	8		0.0000000000000
1930	9		0.0039766613479
1930	10		0.0077763912074
1930	11		0.0537727994267
1930	12		0.0000000000000
1931	1		0.1665858542809
1931	2		0.0711185202447
1931	3		0.0556395809590
1931	4		0.0174157257799
1931	5		0.0475137594568
1931	6		0.0134269554154
1931	7		0.0000000000000
1931	8		0.0024344975624
1931	9		0.0015956270488
1931	10		0.0007402148365
1931	11		0.1251624741549
1931	12		0.2857081687160
1932	1		0.1221691259266
1932	2		0.1251338234397
1932	3		0.0932180388116
1932	4		0.0230414774400
1932	5		0.0191469300705
1932	6		0.0000000000000
1932	7		0.0012831183185
1932	8		0.0000000000000
1932	9		0.0000000000000
1932	10		0.0000000000000
1932	11		0.0052228581019
1932	12		0.0725537575036
1933	1		0.2279256245440
1933	2		0.0180038216759
1933	3		0.0569971369216
1933	4		0.0004811693694
1933	5		0.0259857950871
1933	6		0.0029691301951
1933	7		0.0000000000000
1933	8		0.0000000000000
1933	9		0.0000000000000
1933	10		0.0122424927741
1933	11		0.0000000000000
1933	12		0.1976093051320
1934	1		0.0953361894766
1934	2		0.1332271560595
1934	3		0.0010692652654
1934	4		0.0022206445094
1934	5		0.0018012092525
1934	6		0.0214254705253
1934	7		0.0000000000000
1934	8		0.0014804296729
1934	9		0.0002673163164
1934	10		0.0297486033819
1934	11		0.1371834375415
1934	12		0.1488003183402
1935	1		0.1934563068105
1935	2		0.0417530250699
1935	3		0.1692513411100
1935	4		0.1929134033284
1935	5		0.0000000000000
1935	6		0.0000000000000
1935	7		0.0000000000000
1935	8		0.0059217186916
1935	9		0.0004277061062
1935	10		0.0240368995762
1935	11		0.0798489793416
1935	12		0.0759340521063
1936	1		0.0509067575908
1936	2		0.3975754265300
1936	3		0.0935801726380
1936	4		0.0488789917538
1936	5		0.0121107536996
1936	6		0.0037010741823
1936	7		0.0014804296729
1936	8		0.0022206445094
1936	9		0.0000000000000
1936	10		0.0829625521428
1936	11		0.0000000000000
1936	12		0.2049795591289
1937	1		0.1156510404897
1937	2		0.1671204869136
1937	3		0.2361214510082
1937	4		0.0355099322837
1937	5		0.0000000000000
1937	6		0.0000000000000
1937	7		0.0000000000000
1937	8		0.0000000000000
1937	9		0.0000000000000
1937	10		0.0038080007088
1937	11		0.0365543850011
1937	12		0.1989095596641
1938	1		0.1658952645405
1938	2		0.3193220742372
1938	3		0.2779852407719
1938	4		0.0506725246719
1938	5		0.0044412890187
1938	6		0.0000000000000
1938	7		0.0009540678895
1938	8		0.0000000000000
1938	9		0.0117447817060
1938	10		0.0891879142004
1938	11		0.0044578307174
1938	12		0.0647487155810
1939	1		0.0552493909323
1939	2		0.0818474999485
1939	3		0.0824317576773
1939	4		0.0515108006706
1939	5		0.0081219833351
1939	6		0.0002138530531
1939	7		0.0000000000000
1939	8		0.0000534632633
1939	9		0.0629144229311
1939	10		0.0135338819420
1939	11		0.0099435724535
1939	12		0.0228728168008
1940	1		0.3416067951420
1940	2		0.2453617301899
1940	3		0.0874732516085
1940	4		0.0510913654138
1940	5		0.0007402148365
1940	6		0.0000000000000
1940	7		0.0000000000000
1940	8		0.0000000000000
1940	9		0.0000000000000
1940	10		0.0516877321591
1940	11		0.0024879608257
1940	12		0.3110110503971
1941	1		0.1961288754591
1941	2		0.2583813593650
1941	3		0.2066688146579
1941	4		0.1638356043359
1941	5		0.0004277061062
1941	6		0.0000000000000
1941	7		0.0000000000000
1941	8		0.0001069265265
1941	9		0.0000000000000
1941	10		0.0921118519816
1941	11		0.0533820148851
1941	12		0.1653689027571
1942	1		0.1235343582237
1942	2		0.0952865643805
1942	3		0.0663647224957
1942	4		0.1932049376779
1942	5		0.0478962731490
1942	6		0.0000000000000
1942	7		0.0000000000000
1942	8		0.0000000000000
1942	9		0.0000000000000
1942	10		0.0230001231932
1942	11		0.0294278238023
1942	12		0.0792487744291
1943	1		0.1100335596790
1943	2		0.0724429928099
1943	3		0.2711623229391
1943	4		0.0459964082193
1943	5		0.0000000000000
1943	6		0.0000000000000
1943	7		0.0000000000000
1943	8		0.0000000000000
1943	9		0.0000000000000
1943	10		0.0167207033574
1943	11		0.0303284284286
1943	12		0.1040049144609
1944	1		0.1103950989905
1944	2		0.1706496568044
1944	3		0.0273510273841
1944	4		0.0814076848258
1944	5		0.0264504227578
1944	6		0.0083644871034
1944	7		0.0000000000000
1944	8		0.0000000000000
1944	9		0.0061890350080
1944	10		0.0226055004844
1944	11		0.1361714737066
1944	12		0.0954265743044
1945	1		0.0210098734357
1945	2		0.1337331379769
1945	3		0.1746874577501
1945	4		0.0096845269865
1945	5		0.0124315332792
1945	6		0.0002138530531
1945	7		0.0000000000000
1945	8		0.0031829832482
1945	9		0.0000000000000
1945	10		0.2230598730715
1945	11		0.1242166771147
1945	12		0.1491911028818
1946	1		0.0346793326194
1946	2		0.0887194483624
1946	3		0.0423901515470
1946	4		0.0051815038552
1946	5		0.0826615579142
1946	6		0.0000000000000
1946	7		0.0019615990423
1946	8		0.0000000000000
1946	9		0.0000000000000
1946	10		0.0407366285528
1946	11		0.1841250482861
1946	12		0.1267377213378
1947	1		0.0223833765820
1947	2		0.0852443362498
1947	3		0.0618451576657
1947	4		0.0205700583129
1947	5		0.0231687838324
1947	6		0.0075090748910
1947	7		0.0000000000000
1947	8		0.0000000000000
1947	9		0.0025414240890
1947	10		0.0727427980087
1947	11		0.0411726055083
1947	12		0.0295634010441
1948	1		0.0004811693694
1948	2		0.0657683557504
1948	3		0.1551872592174
1948	4		0.2091115830697
1948	5		0.0747909437117
1948	6		0.0002138530531
1948	7		0.0000000000000
1948	8		0.0000000000000
1948	9		0.0000000000000
1948	10		0.0333427510377
1948	11		0.0004277061062
1948	12		0.1124884371074
1949	1		0.0586417945515
1949	2		0.0840229520440
1949	3		0.1732935747378
1949	4		0.0000000000000
1949	5		0.0764521430403
1949	6		0.0000000000000
1949	7		0.0000000000000
1949	8		0.0000000000000
1949	9		0.0000000000000
1949	10		0.0000000000000
1949	11		0.1014838702378
1949	12		0.0928603376674
1950	1		0.1475502834190
1950	2		0.0695642474426
1950	3		0.0501665427544
1950	4		0.0576259925494
1950	5		0.0020150623056
1950	6		0.0000000000000
1950	7		0.0022206445094
1950	8		0.0000000000000
1950	9		0.0445280875629
1950	10		0.0683511340860
1950	11		0.1131261580994
1950	12		0.1137632845765
1951	1		0.0830898585352
1951	2		0.0812186443207
1951	3		0.0454535047372
1951	4		0.0434797966783
1951	5		0.0002673163164
1951	6		0.0000000000000
1951	7		0.0000000000000
1951	8		0.0000000000000
1951	9		0.0000000000000
1951	10		0.0459098615586
1951	11		0.1198205805099
1951	12		0.2376470730951
1952	1		0.2724371704083
1952	2		0.0389602318483
1952	3		0.1618734107786
1952	4		0.1472333420066
1952	5		0.0014804296729
1952	6		0.0000000000000
1952	7		0.0000000000000
1952	8		0.0000000000000
1952	9		0.0121642169628
1952	10		0.0003742428429
1952	11		0.1044408914164
1952	12		0.2320792173805
1953	1		0.0348479932586
1953	2		0.0028252821040
1953	3		0.0172718776888
1953	4		0.0797337819657
1953	5		0.0148291092770
1953	6		0.0055188251335
1953	7		0.0000000000000
1953	8		0.0000000000000
1953	9		0.0000000000000
1953	10		0.0015504346349
1953	11		0.0767977351679
1953	12		0.0190196236781
1954	1		0.1318574910803
1954	2		0.0845123922627
1954	3		0.1558899579744
1954	4		0.0621493955466
1954	5		0.0218570147987
1954	6		0.0022454570574
1954	7		0.0000000000000
1954	8		0.0000000000000
1954	9		0.0000000000000
1954	10		0.0000000000000
1954	11		0.1004349848383
1954	12		0.1158031594302
1955	1		0.2244753249794
1955	2		0.0596410548550
1955	3		0.0206273597434
1955	4		0.0741290046865
1955	5		0.0692803894275
1955	6		0.0014804296729
1955	7		0.0000000000000
1955	8		0.0000000000000
1955	9		0.0000000000000
1955	10		0.0024344975624
1955	11		0.0621372865301
1955	12		0.4360131347622
1956	1		0.2329257642286
1956	2		0.0221408728137
1956	3		0.0000534632633
1956	4		0.1030018159902
1956	5		0.0466010458139
1956	6		0.0000000000000
1956	7		0.0000000000000
1956	8		0.0000000000000
1956	9		0.0120572904363
1956	10		0.0216145110303
1956	11		0.0000000000000
1956	12		0.0135007985446
1957	1		0.1410156562834
1957	2		0.1029477582120
1957	3		0.1289704748637
1957	4		0.0663278009311
1957	5		0.0969852797886
1957	6		0.0125919230690
1957	7		0.0000000000000
1957	8		0.0000000000000
1957	9		0.0051815038552
1957	10		0.0850839464600
1957	11		0.0179217076974
1957	12		0.1398229227928
1958	1		0.2014338475395
1958	2		0.2914854448016
1958	3		0.3232656521878
1958	4		0.1559847754844
1958	5		0.0233539861702
1958	6		0.0031212491356
1958	7		0.0020316040043
1958	8		0.0000000000000
1958	9		0.0358593625786
1958	10		0.0007402148365
1958	11		0.0064646221737
1958	12		0.0208946760598
1959	1		0.1360028130674
1959	2		0.2068126627490
1959	3		0.0074556116278
1959	4		0.0303736208425
1959	5		0.0003207795796
1959	6		0.0000000000000
1959	7		0.0000000000000
1959	8		0.0037010741823
1959	9		0.1074304014775
1959	10		0.0000000000000
1959	11		0.0000000000000
1959	12		0.0308013269487
1960	1		0.1201788761691
1960	2		0.2089181098825
1960	3		0.0422253290751
1960	4		0.0808647813437
1960	5		0.0007402148365
1960	6		0.0000000000000
1960	7		0.0000000000000
1960	8		0.0000000000000
1960	9		0.0051815038552
1960	10		0.0005880958960
1960	11		0.1774179223441
1960	12		0.0171936018775
1961	1		0.1300728235265
1961	2		0.0651267965911
1961	3		0.0895869695913
1961	4		0.0208825670432
1961	5		0.0523789164144
1961	6		0.0002673163164
1961	7		0.0014804296729
1961	8		0.0006950224225
1961	9		0.0000000000000
1961	10		0.0001069265265
1961	11		0.1210915898119
1961	12		0.0978979934315
1962	1		0.1152354434001
1962	2		0.3839059673463
1962	3		0.0585800604389
1962	4		0.0000000000000
1962	5		0.0003742428429
1962	6		0.0000000000000
1962	7		0.0000000000000
1962	8		0.0000000000000
1962	9		0.0000000000000
1962	10		0.0173170701027
1962	11		0.0094172106701
1962	12		0.1210419647158
1963	1		0.1206142586097
1963	2		0.2701051666903
1963	3		0.1059334301059
1963	4		0.1499478594169
1963	5		0.0157749063172
1963	6		0.0066619335281
1963	7		0.0000000000000
1963	8		0.0000000000000
1963	9		0.0049307292375
1963	10		0.0869551606745
1963	11		0.1030304667055
1963	12		0.0101656963559
1964	1		0.0522758280551
1964	2		0.0015338929362
1964	3		0.0724181802618
1964	4		0.0370520960692
1964	5		0.0022454570574
1964	6		0.0303118867299
1964	7		0.0000000000000
1964	8		0.0006415591593
1964	9		0.0177651560748
1964	10		0.2048918234385
1964	11		0.0892992734091
1964	12		0.2215679288969
1965	1		0.0616109247467
1965	2		0.0301680386388
1965	3		0.0581975467467
1965	4		0.1624653448418
1965	5		0.0000000000000
1965	6		0.0000000000000
1965	7		0.0000000000000
1965	8		0.0211002582635
1965	9		0.0000000000000
1965	10		0.0060903793308
1965	11		0.3802456528958
1965	12		0.1230366471555
1966	1		0.0568857777129
1966	2		0.0657231633364
1966	3		0.0055022834348
1966	4		0.0157131722046
1966	5		0.0276145055332
1966	6		0.0000534632633
1966	7		0.0129578950626
1966	8		0.0000000000000
1966	9		0.0049224583881
1966	10		0.0000000000000
1966	11		0.1337738977087
1966	12		0.2307712865139
1967	1		0.1742107210627
1967	2		0.0223133716201
1967	3		0.0958008171473
1967	4		0.2535295004537
1967	5		0.0055105542841
1967	6		0.0083275655388
1967	7		0.0000000000000
1967	8		0.0000000000000
1967	9		0.0020685255689
1967	10		0.0052884303817
1967	11		0.1073603965155
1967	12		0.0839943013287
1968	1		0.0666689603766
1968	2		0.0957390830347
1968	3		0.0920914721157
1968	4		0.0187771199097
1968	5		0.0105399391988
1968	6		0.0000000000000
1968	7		0.0000000000000
1968	8		0.0001603897898
1968	9		0.0000000000000
1968	10		0.0420528302687
1968	11		0.1342716087769
1968	12		0.1557422717161
1969	1		0.3768411402601
1969	2		0.3335134625222
1969	3		0.0382696421079
1969	4		0.0665664665322
1969	5		0.0001069265265
1969	6		0.0000000000000
1969	7		0.0003742428429
1969	8		0.0000000000000
1969	9		0.1109870330537
1969	10		0.1108514558119
1969	11		0.0579550429784
1969	12		0.0614753475049
1970	1		0.2399829149803
1970	2		0.0457908260155
1970	3		0.1037006765800
1970	4		0.0035572260911
1970	5		0.0000000000000
1970	6		0.0010158020021
1970	7		0.0000000000000
1970	8		0.0000000000000
1970	9		0.0000000000000
1970	10		0.0271906375943
1970	11		0.1770806010658
1970	12		0.1647604269953
1971	1		0.0401568035062
1971	2		0.0257636711846
1971	3		0.0490724649410
1971	4		0.0615409197847
1971	5		0.0820040515711
1971	6		0.0000000000000
1971	7		0.0000000000000
1971	8		0.0000000000000
1971	9		0.0015873561994
1971	10		0.0216800833102
1971	11		0.0563963374942
1971	12		0.1238837885185
1972	1		0.0306243954602
1972	2		0.0237282290131
1972	3		0.0000000000000
1972	4		0.0200188839815
1972	5		0.0001603897898
1972	6		0.0010075311528
1972	7		0.0001069265265
1972	8		0.0000000000000
1972	9		0.0066702043774
1972	10		0.0485130197602
1972	11		0.3911267515402
1972	12		0.0711433327927
1973	1		0.2243639657708
1973	2		0.2863122117958
1973	3		0.1232632037401
1973	4		0.0057861414498
1973	5		0.0000000000000
1973	6		0.0001069265265
1973	7		0.0000000000000
1973	8		0.0000000000000
1973	9		0.0022206445094
1973	10		0.0948919416717
1973	11		0.0905327666315
1973	12		0.1658418012772
1974	1		0.1327377158407
1974	2		0.0266725466603
1974	3		0.1546481939026
1974	4		0.0467818154696
1974	5		0.0000000000000
1974	6		0.0000000000000
1974	7		0.0318292379674
1974	8		0.0000000000000
1974	9		0.0000000000000
1974	10		0.0702796497310
1974	11		0.0379075082816
1974	12		0.1644186730348
1975	1		0.0148825725403
1975	2		0.2104189194213
1975	3		0.1470608432003
1975	4		0.0822179046242
1975	5		0.0000000000000
1975	6		0.0000000000000
1975	7		0.0029608593458
1975	8		0.0170866753510
1975	9		0.0017560168386
1975	10		0.0814980696537
1975	11		0.0089156614348
1975	12		0.0108976403430
1976	1		0.0145987145253
1976	2		0.1008842598402
1976	3		0.0337704571438
1976	4		0.0855364651142
1976	5		0.0000000000000
1976	6		0.0059217186916
1976	7		0.0002673163164
1976	8		0.0554791911692
1976	9		0.1523282992012
1976	10		0.0657066216377
1976	11		0.0594272018019
1976	12		0.0618247777998
1977	1		0.0557630491843
1977	2		0.0233826368855
1977	3		0.0332154446452
1977	4		0.0014804296729
1977	5		0.0810990142627
1977	6		0.0185053709113
1977	7		0.0000000000000
1977	8		0.0000000000000
1977	9		0.0066619335281
1977	10		0.0103630077103
1977	11		0.0223464550174
1977	12		0.2081988694269
1978	1		0.3232364069577
1978	2		0.2804235765015
1978	3		0.3215509895959
1978	4		0.1383800091994
1978	5		0.0103630077103
1978	6		0.0000000000000
1978	7		0.0001069265265
1978	8		0.0000000000000
1978	9		0.0300738156437
1978	10		0.0001603897898
1978	11		0.1147014052823
1978	12		0.0398977580392
1979	1		0.1892536833929
1979	2		0.2146386790525
1979	3		0.1765090468685
1979	4		0.0146521777885
1979	5		0.0147056410518
1979	6		0.0000000000000
1979	7		0.0014804296729
1979	8		0.0000000000000
1979	9		0.0000000000000
1979	10		0.0509023249087
1979	11		0.0564211500422
1979	12		0.0576138835328
1980	1		0.2339625406115
1980	2		0.2467886965995
1980	3		0.0938844105189
1980	4		0.0358224410140
1980	5		0.0220625970024
1980	6		0.0000000000000
1980	7		0.0000000000000
1980	8		0.0000000000000
1980	9		0.0000000000000
1980	10		0.0043426333415
1980	11		0.0013900448450
1980	12		0.0386311814193
1981	1		0.1397452414964
1981	2		0.0783520079700
1981	3		0.2314663089365
1981	4		0.0625032585236
1981	5		0.0000000000000
1981	6		0.0000000000000
1981	7		0.0000000000000
1981	8		0.0000000000000
1981	9		0.0000000000000
1981	10		0.0590860423564
1981	11		0.2319634254897
1981	12		0.0539249183671
1982	1		0.1290200999598
1982	2		0.1015990676137
1982	3		0.2708046217949
1982	4		0.1252699951963
1982	5		0.0000000000000
1982	6		0.0084714136299
1982	7		0.0000000000000
1982	8		0.0000000000000
1982	9		0.0563059526663
1982	10		0.0668541627145
1982	11		0.2115874348788
1982	12		0.1168476121476
1983	1		0.3026713758418
1983	2		0.1799720499645
1983	3		0.2997722506086
1983	4		0.1019446597414
1983	5		0.0162808882347
1983	6		0.0000000000000
1983	7		0.0000000000000
1983	8		0.0074021483645
1983	9		0.2062157014888
1983	10		0.0353578133433
1983	11		0.1707190672514
1983	12		0.2077750014879
1984	1		0.0107537922519
1984	2		0.0730514685718
1984	3		0.0275814221359
1984	4		0.0068840574305
1984	5		0.0000000000000
1984	6		0.0014804296729
1984	7		0.0000000000000
1984	8		0.0000000000000
1984	9		0.0000000000000
1984	10		0.0572065572926
1984	11		0.1999451470172
1984	12		0.1282881559726
1985	1		0.0446063633742
1985	2		0.0297034109680
1985	3		0.0924657149586
1985	4		0.0064811638723
1985	5		0.0000000000000
1985	6		0.0107003289886
1985	7		0.0000000000000
1985	8		0.0006415591593
1985	9		0.0013283107324
1985	10		0.0384173283663
1985	11		0.2353398819251
1985	12		0.0750869107433
1986	1		0.0724633726758
1986	2		0.2631682405114
1986	3		0.2241545453998
1986	4		0.0160504934829
1986	5		0.0030225934584
1986	6		0.0000000000000
1986	7		0.0000000000000
1986	8		0.0000000000000
1986	9		0.0511530995264
1986	10		0.0000000000000
1986	11		0.0000000000000
1986	12		0.0436771080327
1987	1		0.1158852734087
1987	2		0.1971364066119
1987	3		0.2354016160377
1987	4		0.0093268258423
1987	5		0.0084631427806
1987	6		0.0001069265265
1987	7		0.0000000000000
1987	8		0.0000000000000
1987	9		0.0000000000000
1987	10		0.0726568458630
1987	11		0.0262531114034
1987	12		0.1814970775365
1988	1		0.1247264971994
1988	2		0.0478262681870
1988	3		0.0120369105704
1988	4		0.1885046031922
1988	5		0.0385611764574
1988	6		0.0216266200469
1988	7		0.0000000000000
1988	8		0.0000000000000
1988	9		0.0000000000000
1988	10		0.0000000000000
1988	11		0.0542253180809
1988	12		0.1315615240487
1989	1		0.0465514207179
1989	2		0.0752555713824
1989	3		0.0587614246095
1989	4		0.0297772540972
1989	5		0.0005880958960
1989	6		0.0000000000000
1989	7		0.0000000000000
1989	8		0.0090429678272
1989	9		0.1101360535235
1989	10		0.0696546322704
1989	11		0.0236130316372
1989	12		0.0007402148365
1990	1		0.1263965618923
1990	2		0.0954634958690
1990	3		0.0385859890054
1990	4		0.0260436910325
1990	5		0.1510375045482
1990	6		0.0000000000000
1990	7		0.0000000000000
1990	8		0.0000000000000
1990	9		0.0061355717447
1990	10		0.0097831826637
1990	11		0.0317019315749
1990	12		0.0426530351812
1991	1		0.0156062456781
1991	2		0.1132738443578
1991	3		0.2867245652330
1991	4		0.0349587579523
1991	5		0.0224737614099
1991	6		0.0037545374455
1991	7		0.0000000000000
1991	8		0.0156514380920
1991	9		0.0000000000000
1991	10		0.0401816160542
1991	11		0.0204752408030
1991	12		0.0627705748400
1992	1		0.0883286638209
1992	2		0.2767638565660
1992	3		0.1705338649136
1992	4		0.0001069265265
1992	5		0.0000000000000
1992	6		0.0007402148365
1992	7		0.0389723408649
1992	8		0.0000000000000
1992	9		0.0000000000000
1992	10		0.0293170591085
1992	11		0.0016942827260
1992	12		0.1393423479383
1993	1		0.3991748917461
1993	2		0.2630938028673
1993	3		0.1643944550017
1993	4		0.0120738321350
1993	5		0.0422870631877
1993	6		0.0304270841058
1993	7		0.0000000000000
1993	8		0.0000000000000
1993	9		0.0000000000000
1993	10		0.0106837872899
1993	11		0.0433480576037
1993	12		0.0688692250201
1994	1		0.1283250775372
1994	2		0.1967373512210
1994	3		0.0163630022132
1994	4		0.0530370172723
1994	5		0.1005590475784
1994	6		0.0000000000000
1994	7		0.0000000000000
1994	8		0.0000000000000
1994	9		0.0080971707870
1994	10		0.0349262690699
1994	11		0.0989137954336
1994	12		0.0561251830106
1995	1		0.4547979310064
1995	2		0.0356251296596
1995	3		0.3064711057012
1995	4		0.0708677456270
1995	5		0.0508571324948
1995	6		0.0114488146744
1995	7		0.0022206445094
1995	8		0.0000000000000
1995	9		0.0000000000000
1995	10		0.0000000000000
1995	11		0.0000000000000
1995	12		0.1624615066746
1996	1		0.1879209399783
1996	2		0.2770802034635
1996	3		0.1213219845636
1996	4		0.0570461675028
1996	5		0.0693994249707
1996	6		0.0061521134434
1996	7		0.0000000000000
1996	8		0.0000000000000
1996	9		0.0000000000000
1996	10		0.1178551433004
1996	11		0.1446511581859
1996	12		0.2888746102655
1997	1		0.3674977727191
1997	2		0.0180407432405
1997	3		0.0022206445094
1997	4		0.0207260154206
1997	5		0.0111032225468
1997	6		0.0000000000000
1997	7		0.0000000000000
1997	8		0.0000534632633
1997	9		0.0006950224225
1997	10		0.0059217186916
1997	11		0.2038683451019
1997	12		0.1783306359869
1998	1		0.2749747563300
1998	2		0.6290488172861
1998	3		0.1767400361351
1998	4		0.0970922063152
1998	5		0.2941083883542
1998	6		0.0357855194494
1998	7		0.0000000000000
1998	8		0.0000000000000
1998	9		0.0047047671678
1998	10		0.0498699812079
1998	11		0.0714514088409
1998	12		0.0383886776510
1999	1		0.1041818459494
1999	2		0.1199605904339
1999	3		0.1104402914044
1999	4		0.0612163020379
1999	5		0.0062424982712
1999	6		0.0002673163164
1999	7		0.0000000000000
1999	8		0.0000000000000
1999	9		0.0000000000000
1999	10		0.0000000000000
1999	11		0.0373111415363
1999	12		0.0248547957090
2000	1		0.2331153992485
2000	2		0.2289299120445
2000	3		0.0543857078707
2000	4		0.0948219367098
2000	5		0.0112184199226
2000	6		0.0128223178208
2000	7		0.0000000000000
2000	8		0.0000000000000
2000	9		0.0081054416364
2000	10		0.2061055313100
2000	11		0.0166589692448
2000	12		0.0125384598057
2001	1		0.1516173295949
2001	2		0.1445646115252
2001	3		0.1083640895011
2001	4		0.0711681453407
2001	5		0.0000000000000
2001	6		0.0000000000000
2001	7		0.0001069265265
2001	8		0.0000000000000
2001	9		0.0075090748910
2001	10		0.0227124270110
2001	11		0.0996132505382
2001	12		0.1831219498154
2002	1		0.0682893999734
2002	2		0.0159601086551
2002	3		0.0714806540710
2002	4		0.0115926627655
2002	5		0.0165685844170
2002	6		0.0011761917920
2002	7		0.0000000000000
2002	8		0.0000000000000
2002	9		0.0037010741823
2002	10		0.0000000000000
2002	11		0.1015748495806
2002	12		0.2726796741766
2003	1		0.0457125502042
2003	2		0.0945259696782
2003	3		0.0548089812947
2003	4		0.0704896646169
2003	5		0.0394414012178
2003	6		0.0000000000000
2003	7		0.0000000000000
2003	8		0.0062424982712
2003	9		0.0000000000000
2003	10		0.0029608593458
2003	11		0.0699175159047
2003	12		0.2306395474394
2004	1		0.0974085532127
2004	2		0.2126191840648
2004	3		0.0318623213647
2004	4		0.0037010741823
2004	5		0.0140640818926
2004	6		0.0000000000000
2004	7		0.0000000000000
2004	8		0.0000000000000
2004	9		0.0051815038552
2004	10		0.1792031844128
2004	11		0.1662650747013
2004	12		0.1984647173443
2005	1		0.1562399827842
2005	2		0.1972885255524
2005	3		0.1608658796258
2005	4		0.0589625741312
2005	5		0.1112670529015
2005	6		0.0051815038552
2005	7		0.0000000000000
2005	8		0.0037093450316
2005	9		0.0107372505532
2005	10		0.0069827131077
2005	11		0.0138667705382
2005	12		0.1857333788663
2006	1		0.2297554845118
2006	2		0.0626922990287
2006	3		0.1836775568289
2006	4		0.1333506242847
2006	5		0.0584769720796
2006	6		0.0000000000000
2006	7		0.0000000000000
2006	8		0.0000000000000
2006	9		0.0000000000000
